Task 1:
    1: confirmed (with RH_L \approx 0.06 and not 0.6)
    2: confirmed
    3:  encrypted-lorem-2.txt: 12
        encrypted-lorem-3.txt: 57
        encrypted-lorem-4.txt: 98
    4:  encrypted-lorem-1.txt: [110, 101, 79]
        encrypted-lorem-2.txt: [110, 101, 32, 109, 111, 114, 110, 105, 110, 103, 44, 79]
        encrypted-lorem-3.txt: [110, 101, 32, 109, 111, 114, 110, 105, 110, 103, 44, 32, 119, 104, 101, 110, 32, 71, 114, 101, 103, 111, 114, 32, 83, 97, 109, 115, 97, 32, 119, 111, 107, 101, 32, 102, 114, 111, 109, 32, 116, 114, 111, 117, 98, 108, 101, 100, 32, 100, 114, 101, 97, 109, 115, 44, 79]
        encrypted-lorem-4.txt: [110, 101, 32, 109, 111, 114, 110, 105, 110, 103, 44, 32, 119, 104, 101, 110, 32, 71, 114, 101, 103, 111, 114, 32, 83, 97, 109, 115, 97, 32, 119, 111, 107, 101, 32, 102, 114, 111, 109, 32, 116, 114, 111, 117, 98, 108, 101, 100, 32, 100, 114, 101, 97, 109, 115, 44, 32, 104, 101, 32, 102, 111, 117, 110, 100, 32, 104, 105, 109, 115, 101, 108, 102, 32, 116, 114, 97, 110, 115, 102, 111, 114, 109, 101, 100, 32, 105, 110, 32, 104, 105, 115, 32, 98, 101, 100, 46, 79]
Task 2:
    done. check the README.txt